start=424.048000
pause=yes
volume-restore-data=pulse:100.000000:100.000000:0
brightness=19
contrast=69
